12104
11012
4247
278
350
39254
235271
744275
249397
4258
603
299536
24428
48650
4248
122
155
337167
634649
671
120
496243
4257
13078
14836
4232
673
674
27205
979
129
299534
4256
672
121
396535
769
372058
550
8587
11649
497
807
402
675
216015
424
796
22
767
76600
150540
585
438631
10867
10681
12153
985939
58
269149
4935
324857
47971
414906
27098
77338
429617
64084
6312
564
37165
37169
106646
652
181808
138843
20453
99861
11036
218
425
62177
1495
105
12445
177572
290098
38365
122917
2062
519465
315162
38
801335
406997
1402
109445
12
280
12444
8966
198663
1865
20352
18785
330457
50619
9806
43949
285
209112
156022
19404
271110
324786
210577
207
49026
4588
857
545611
76341
128
263472
2251
49051
43947
411
16869
572164
168259
411088
49521
694
489
284054
14160
101
272
567609
1930
11324
9837
38757
258216
1621
61979
581528
111
102382
640
18240
953
458293
453395
637
49013
6977
228150
949
15356
436969
246403
9823
3933
311
505642
950
378236
566525
920
9487
263115
812
8355
378064
4951
14324
855
466272
10591
791373
57800
242
329865
82702
278154
18334
579974
118
616037
419430
348893
259316
286217
766507
150689
10020
508442
11216
166426
296096
259693
10191
360814
4348
2288
493922
508947
1368
18
637649
122906
59
57158
85
452557
629
12155
1124
270946
1891
310
439079
9820
10625
68718
10494
1417
260514
166428
601
50620
370663
324552
562
91314
8392
142
1724
420817
568124
598
370172
507086
109418
184345
588228
670
454626
818647
19173
546554
205596
93456
744276
645710
646385
76492
12201
11836
2501
11770
333339
24
127585
102651
6479
1422
882598
17073
602
615453
508642
181812
604
458156
497698
861
283995
9802
11970
146233
299537
9470
78
427641
810693
1598
615777
246
377
1895
438148
321612
13009
772
613504
384018
38321
345
242582
149
1022256
375846
73723
854
423
609
10527
420818
607
161
11423
1734
76338
4564
412117
11688
207703
284052
1893
1040159
1265
675353
2109
1430
530385
76
82690
635302
1278
176
10997
116745
853
423108
615457
137113
170
73
9426
10198
281957
8689
38055
62211
140607
11013
351286
10144
330459
13186
310131
294254
1701
346364
512200
754
619803
916224
8363
9323
447332
38575
50014
115290
10474
11544
420809
8358
273248
353486
18491
563
476669
400928
679
459151
139038
246655
119450
32657
260513
776797
474350
10607
7485
131631
87101
619979
71672
615
5559
9902
74
57214
18239
291805
59967
184315
764
616
75656
629542
126889
851644
585083
531428
2832
80321
661374
338953
137
755
225886
605
19913
9072
8835
36647
194
615173
120467
359724
677638
15512
2057
527774
373571
293167
285213
278927
1637
458305
10830
787
232672
913290
329
19994
81005
70981
50546
516486
49018
9792
181533
43347
11690
1813
341174
1091
8681
745
1892
197
28178
813
774825
398818
810
520763
10555
61791
453
10192
257344
23823
2493
157350
190859
5175
20526
98566
107
16859
7555
9479
624860
530254
620
843
297
331482
9880
9655
393
27578
141052
268896
434203
63311
756999
1949
9360
49519
374720
343611
752623
260346
337339
9919
9475
165
89
420634
45243
9567
336843
9023
10220
72545
9509
74997
180
49530
257211
435
316029
235
22832
49797
630586
79
153518
524
593643
16269
758330
10775
1894
9387
1771
24021
273477
118340
17654
345887
44833
1089
110415
2048
4437
1593
451156
4108
153
819
762504
1954
13053
101299
290859
14574
440471
281338
26466
460458
75780
11674
76493
2671
153104
9982
663712
637920
762975
115
400155
72559
346910
5503
4327
570670
100402
138832
585511
2675
152601
11619
9340
37136
8275
41630
4523
109689
28468
35
397243
8467
9056
112160
5174
41446
22794
44214
5876
4614
10999
600
14684
499546
335988
3134
307081
11247
2668
515916
360920
399402
4478
105864
818350
581392
163
76025
4347
1372
9373
724495
324849
50646
514847
217
446354
646380
7220
13183
137106
580489
452832
76726
9532
500
215
11104
49849
533514
381284
615677
61012
601796
1592
71552
6477
12779
9928
63
4922
2454
274857
752
49046
318846
14001
1735
1369
10585
87
2024
339846
9377
1562
508
942
125509
64348
568160
109424
630004
162
1791
19912
10009
1729
302946
277217
392044
81
204082
21484
64686
1885
11362
404368
11635
9007
38234
522938
333484
21191
11845
400535
8292
308266
614696
251
425909
53932
87516
4233
10140
402900
927
262500
270303
27582
7508
10497
522627
339964
68735
65496
297761
10588
1607
7518
495764
228161
22881
7446
8009
534
127380
391757
312221
10068
7512
320288
454640
10315
405774
6114
10022
340102
33
820067
6957
545609
241259
282035
2270
785084
799379
363088
8078
3558
10030
9495
1948
957
1824
12222
529203
300668
22970
792
87827
206487
11134
413337
5548
1440
591
9316
41439
608
924
1933
8413
17111
644
9804
9738
9753
42337
619730
1427
9268
11852
117263
9392
311324
278924
14869
147441
937278
7345
392
68730
10995
227
324852
17578
10184
415
76163
17653
109428
417859
2667
15804
841755
53182
628
582
300671
633604
296
8456
76757
9732
10229
4234
26389
319
11130
258489
51876
517814
71676
449443
206324
581
131634
2112
8922
180299
2059
118451
447404
46738
725201
398978
15167
423204
17809
9358
70160
387
9539
941
512195
396422
4638
10096
7980
8204
3176
4982
12429
2034
10275
82695
9297
342473
91586
274854
41154
1255
9016
332567
30421
559969
2502
296524
8871
279
652837
883083
11517
159824
696806
440
11978
9286
2649
747
280092
686
23168
385128
83686
8697
841
4011
1624
196
72570
9603
718789
2322
360606
1541
81188
9693
44912
4584
297270
338952
448119
10196
343668
293670
228165
2503
207768
859
47002
13448
220289
8337
2666
11237
955
262504
173185
283366
9679
479718
800939
36669
9602
419743
9361
381283
152584
290250
351460
464733
9276
59440
480414
109439
9291
884
514207
138103
384521
4476
10515
10545
1572
8224
45612
778106
480681
8202
639933
96721
9739
527641
8273
265208
1267
308531
1538
818
516632
9339
258230
315011
348350
8393
296099
193756
467938
431693
75612
158852
189
814338
1452
84892
340101
4552
22538
745881
36955
13971
1669
2268
11782
9383
302699
267935
443791
664280
18823
10376
16996
58232
11986
6557
146
35044
2567
10603
10543
10431
14756
705996
2108
400160
51739
12405
693
451048
64682
4977
10118
458723
50544
22803
796499
2616
45269
10483
587
15165
15255
9889
27022
322
508935
9303
395
73456
211672
21542
531309
587807
7443
274870
674324
6795
14174
10634
8274
9342
21208
75258
42297
31439
346672
286538
103663
14128
49040
3049
68734
399055
581726
222935
766
8055
13510
241251
1584
560057
9702
1391
11838
76758
660982
8856
10501
446893
88751
37786
788
10066
87428
3580
9378
11679
82693
714
9654
194662
274167
535167
864370
49047
760741
8867
20411
9833
1573
613
364
466282
10982
411873
25237
500664
1979
5915
10010
8277
575813
1015606
782
406
454
9100
359940
746
55721
15157
11283
17609
9472
428078
70006
116711
11774
505026
555604
158015
228967
501929
10386
5689
9550
19564
26123
9476
1268
1581
293863
60304
9612
9336
13962
11430
6466
791155
36586
2118
76617
390043
126963
10796
1830
37797
15196
10897
58574
277216
94329
1571
33217
11212
10661
926
675445
44115
70
201085
309886
513310
238713
9876
10330
82675
364689
9631
8077
111190
13161
531384
1645
11186
4488
165213
109414
9411
34544
888
146578
503919
9282
259694
1374
543540
267860
10137
20766
80278
9003
283566
7191
57212
64635
9594
395834
2758
54138
76203
9714
9522
107846
9397
10159
9313
9671
197796
460555
619264
12437
375588
290595
136799
9090
11397
795
123553
7461
522478
166666
8839
57165
401981
42006
581644
578701
379149
36648
900667
6282
5528
38142
397567
46529
47933
331576
13885
65
188927
544
1272
9543
2124
1542
8367
4824
2289
68724
419479
345938
109451
41280
52449
298
2300
35019
19185
487616
14784
256274
10835
274862
1494
688
3981
22582
14199
298250
610150
10201
40096
10054
8909
11932
481084
335360
628704
7484
55779
2164
8741
449176
685274
6068
654974
1007401
300669
816
12140
39538
90
881
205584
9879
491584
18360
328480
36643
10974
5255
345911
9257
602063
117691
357096
10601
6145
10948
1375
9408
9482
13811
899082
47327
428045
12139
1491
10477
10398
11528
2907
860
44048
599925
8488
481848
13597
10358
399174
242606
81481
508439
9457
639
11187
72784
638507
337170
75
25376
525
1635
13002
943
65754
388
2742
1493
187
103731
10228
504056
6978
13127
18670
11974
10329
9374
58595
1966
9208
51828
2756
394117
9870
407436
531219
834
41003
899294
9741
41513
296098
9294
4643
23398
521029
10471
82703
11153
13820
25676
715931
137094
1923
1364
17979
765
594
203801
10200
10014
339692
2899
256835
869
533
7445
385103
40213
9362
1587
804095
22683
9471
333371
4547
6950
617
7214
13179
580175
238636
43593
360784
44264
379686
60307
13523
655
1597
11645
402331
10567
539537
469877
13207
539681
316727
2019
10632
228205
83542
47964
116
8984
3131
550205
9348
585245
1281
504949
359364
6637
8656
488623
37958
8698
396371
55301
241848
9614
3597
619
650
1633
395991
522931
254474
611213
11400
597208
473033
310307
856
12279
8645
6278
9992
55931
49517
567189
82633
2978
284427
10781
52520
11220
11451
9587
2252
9350
458897
399366
576845
9836
193893
7347
8914
1656
8982
9477
9341
8409
62213
766319
433808
397422
274
192
117
295830
11621
257445
10733
1551
338967
2698
21385
15566
369972
10617
195589
11351
604822
514439
11551
299687
660120
1547
514593
10451
709
19415
241
1672
9600
117251
12207
690957
744746
8916
506574
672322
9793
152532
431580
43074
9058
353491
4978
10428
218043
121875
432527
13056
9599
763
329833
579051
491480
10637
15070
9665
36593
618344
23172
40205
2046
76649
10771
17692
175112
916192
20504
531876
445571
51540
45317
34584
340837
100
1428
966220
395841
71883
301502
11497
559907
773
320
74308
9035
10027
37735
280217
505192
9285
406563
7551
8845
602269
59861
15613
9798
258509
151960
2039
10216
1001835
86834
166424
17740
181886
9767
417688
25538
11198
87502
11249
10782
9444
37094
13690
205775
44977
1844
19794
13700
10439
18405
1412
15137
10323
74018
592350
20941
617502
10622
7840
68728
36073
7453
175
2253
64639
134
18190
9762
15370
11636
25147
602734
503736
445651
45772
27581
212778
1911
451
1103
8913
814
3050
944
446021
464889
844398
9388
8079
325358
16664
2636
8810
622
82881
134374
5852
10950
16270
779782
2637
332562
110420
10404
538858
399057
2140
10780
511987
453405
7549
11471
7305
44683
518068
10861
186
192141
14624
192102
339527
460321
455207
15092
11918
256913
98567
2100
14411
381719
259072
417384
9968
293
297961
7229
9489
4550
137116
228326
254320
238615
214
41411
395990
9619
2655
77931
52451
9558
149870
12620
355547
406990
51608
1878
4442
1970
612
18550
818397
306819
228970
817
10992
26022
50542
157353
873
699
614917
37233
449992
1578
49520
1636
1825
13342
16871
17335
9488
188222
100042
11665
82700
11976
600354
60935
70135
14976
10590
10246
707
593910
171274
25
11453
1498
136400
2123
18329
36670
84188
529216
291870
11667
676547
467012
7288
9053
5825
11007
10865
648579
36419
82654
37137
1642
34016
11647
628900
11977
22164
2085
9778
700
256040
97630
616820
570
514999
10715
13497
12162
227973
49017
94047
10357
295011
379170
26444
2005
13888
667520
7516
6519
262543
46838
865
266647
9788
384680
22824
14412
198375
10314
629176
55341
11000
369885
4141
83201
4553
491418
2976
14069
11867
346685
9319
6522
37056
625568
537996
9101
10843
9907
243352
504172
501170
101731
1955
399360
786
412656
10618
227159
10327
496
265195
864873
585216
11253
338958
503
617653
13509
590223
1213
39451
1934
612152
8967
499701
381289
429351
11428
4517
18764
427910
740985
242828
11008
5070
417320
41733
36095
12536
433498
12572
334543
13252
806
803104
5176
332210
340666
297608
760873
44943
9542
34179
390635
129139
793998
176241
8326
8848
68737
8619
8487
395814
10925
193610
12149
14239
509635
12106
546121
9255
458594
80
4032
11653
12797
10731
313297
12219
59436
38410
568620
10975
663
8963
37710
333669
25475
9946
7442
10377
11704
641
10060
7350
188161
9763
59965
533444
567604
13417
15969
645886
9972
708
12100
9493
623491
11284
9598
436931
205587
23437
9645
635
57100
894169
6435
25539
49524
10204
18707
693158
58151
56288
227306
291276
9399
12133
264644
16119
20943
35558
11879
14306
502682
9824
9404
339984
268531
449498
79224
9593
2898
12163
11808
14695
22804
47292
13490
2119
13855
314
348892
11846
619778
2008
77877
37834
32856
452558
901563
326359
80274
9355
127533
846
437068
14864
6341
11412
15789
72387
9620
14392
712
96
2657
409
8321
2277
44826
476292
632727
332672
426543
57201
634
38167
48138
347375
610253
3595
347626
9038
11023
550776
6023
8584
23566
5994
791177
447362
328425
505262
238215
271706
463272
136835
9334
14359
109410
10663
646207
774752
486589
602223
154400
216282
4147
8643
9009
454619
11644
9725
1640
9281
13363
30301
17927
9454
2440
12096
39486
438650
10495
589761
758009
995133
203739
334074
38199
21422
58244
662237
10047
399404
14175
15015
11286
287948
719410
369557
928
58233
169881
9560
8699
11683
25642
11622
2133
9530
302156
4689
9994
11041
10559
353070
8408
218836
136405
14926
11358
309809
10660
12118
625450
14873
10436
19277
638
2619
6171
9273
298312
10025
10972
9766
8879
10306
864101
534780
239678
9433
183011
4858
7978
39107
682507
109431
894205
175574
10847
11675
795607
22536
9279
69
55725
645788
6537
6964
8007
2575
2280
72331
37707
47628
454433
11231
9825
4806
11321
16000
9618
434555
283378
1710
522518
632632
11824
15016
702936
556694
8373
13683
10145
28032
136795
2360
8005
398173
10057
86838
447200
460019
184314
8051
2135
41283
11232
9896
11005
14282
7735
2239
11891
687
24528
9585
11975
6075
6415
454227
800937
403119
858
8843
672741
1887
107985
13313
505379
924482
97370
601666
479226
301365
1965
5458
28665
11452
9481
680531
3683
40805
10202
484247
75174
25195
417261
20048
150
451915
1691
112949
12403
9506
33689
18269
300424
8328
37430
11864
441282
497828
8874
9428
823625
7233
11074
836225
326
2055
9464
433251
13515
23631
663558
492188
582014
4244
474974
76285
25095
130150
10586
14442
1443
1646
738652
6488
1577
9344
611698
11460
9314
522924
40264
50839
455980
170687
6279
4944
15906
309302
178809
11011
12599
51620
4836
74465
201088
4513
532639
8386
2614
205
938008
10413
252838
10061
284536
581387
768
9516
321757
6623
10019
14423
250574
11045
526
482321
603661
12819
440472
542178
37141
19824
2642
1639
837
9386
2179
235704
38050
10189
257091
51533
57749
68341
109091
41216
755812
33542
552178
10757
227719
12289
2163
3600
44865
263109
921
15775
1904
2320
9315
257088
763285
134411
446894
11811
9012
149871
9354
11322
6520
8193
768744
11024
10998
4964
442249
10160
643586
11001
25166
573730
75674
11565
17806
32076
28874
634528
11797
16007
10131
347688
20760
9075
1632
10044
13004
25998
483980
338766
10214
323272
9626
15283
401478
376659
24420
9437
978
430155
257346
22971
328111
169917
48171
424781
3172
1273
26505
8054
18892
6038
442062
438799
760926
210860
11371
8271
9894
277834
10779
928270
330483
15660
19959
9571
372343
23023
26388
44945
20789
401469
77016
617986
833425
204922
482373
525661
15144
1266
14249
4148
207933
97367
15854
598331
13688
76640
399361
777831
39691
727340
11075
9869
2043
623511
167032
284293
4512
42424
3512
45022
2640
80184
25527
11527
16617
2623
591273
393345
291084
71859
239571
11954
705861
830788
340382
14134
4379
627725
10126
11596
15301
11205
9906
331313
72710
27958
717728
38810
13654
18311
28609
51162
1931
961484
568091
10225
153158
9986
9696
644495
124459
783675
698948
790
11353
339987
11557
9029
9800
17824
532067
11171
172226
7548
9641
11379
9678
188207
21519
242224
34134
23169
37821
658558
13788
16337
2022
56085
544401
336004
9039
64586
484718
12227
788929
760161
1715
8923
437586
8461
441130
11228
9954
667141
760883
8965
261023
10708
11968
70435
242512
19150
79707
112454
245913
37185
221731
540901
11260
487558
512412
9349
1817
8457
170522
1880
44874
12180
9890
39108
38579
60747
244761
682377
855400
776305
10304
83389
877269
10024
50698
10996
15999
6947
25284
9326
13022
845404
9730
664236
83666
9922
460668
16780
49948
9708
522212
9944
12144
10402
225745
335462
489430
6283
6878
799876
133121
12233
393457
9913
574060
18672
270487
11287
8427
10538
8840
1497
241554
10776
156717
356305
9042
249
7552
455839
14166
299824
667739
11199
30018
228203
46924
1907
254904
342470
353069
11177
13809
324560
49021
9904
48492
77805
8390
9427
227156
10015
10623
263341
49009
17379
13486
289720
8838
25793
239563
24740
332
5
16366
408866
10714
10753
10307
11529
14919
19840
10934
575604
316023
325133
404733
8834
12662
44040
455714
534490
11917
460846
86828
382190
467956
9728
9395
2604
11054
2312
28512
9441
8092
10045
5123
1727
71880
376660
40833
9032
13633
8978
75948
12589
35381
318781
180894
18476
9331
2207
31867
13394
11238
375262
449562
179826
13567
13680
37645
381902
9768
15655
820446
4105
522016
1950
2064
42246
2331
302429
10065
10110
642885
239529
63492
293767
323372
397722
1588
82650
22947
12120
2654
51481
9513
11092
10048
550231
10866
351819
11469
82682
12538
95610
460648
64328
243683
110
3638
21057
845222
9563
523139
34480
9705
763788
82505
2028
314095
11087
1030613
9425
329440
610892
2309
492
2665
500916
185341
449927
10822
333658
75629
13398
24122
13969
298096
16094
79218
267
157433
2056
626735
12309
15019
457232
14191
27324
9384
22897
755566
11357
293768
387592
879444
420821
168
9293
62764
1857
11658
470
16995
339404
333381
80280
351339
266294
560527
111969
388399
50321
4349
11329
9036
2023
9610
119698
19899
10218
474395
336011
446807
11678
136418
4771
389015
438808
32020
23082
13001
315846
9473
141102
24811
11931
271718
516329
795514
9021
16437
400617
57089
524251
518896
38357
759175
14207
11361
77887
9604
800345
10294
420426
198277
226857
2157
18835
294272
499932
9562
283984
4477
461130
9909
331962
146198
9948
10052
591274
274109
2026
10547
572154
9272
5966
14405
8986
397837
500475
1407
639721
9964
591120
158011
18674
9545
501979
1544
20762
11470
925
10833
594328
40247
581600
11887
10957
926899
590995
16866
553604
16113
689249
10539
512
10837
26371
10073
638449
199
46503
606
7500
11507
6877
10135
833339
505436
243684
72358
400136
10403
14438
12919
9624
11033
68722
14113
13648
10852
22954
242095
11443
8691
11979
390634
352173
383785
277685
18487
168530
86829
567748
3093
8346
11937
2662
635731
39141
643236
11377
8872
487297
10283
10328
19918
8688
18015
1996
19933
9503
569547
603119
34813
38408
15472
339259
521777
74643
39057
8764
350499
38317
11948
13335
9327
17097
463821
496328
35056
35854
106747
266856
49730
400650
2463
455
1381
3525
15657
518963
9364
13483
11051
363343
864
449985
365222
2110
39939
944864
10447
9064
2924
145220
483
623
11873
250225
2768
2003
417644
306
11854
740903
797838
1535
4961
254473
21316
378018
513692
184346
14044
6439
61717
12657
108
804435
9559
10320
574982
407655
59963
11929
4241
455236
9569
18095
8374
12600
50337
10157
28355
435129
18857
15698
11522
592984
10991
15846
373569
19901
8676
19666
16
313922
41233
12159
590
34067
399035
638597
11687
13156
100241
347847
8452
10740
109491
5899
440021
51052
11282
224141
177945
6073
11236
713
14636
10877
1245
489930
300681
38117
45649
15916
4291
10665
9288
6961
14435
419680
110490
10040
10226
301337
11152
19143
554636
552532
12150
10481
2759
10860
1634
42188
18438
150792
245842
11299
241863
49953
10285
570661
10987
770254
93856
7303
9900
10718
10783
396493
65086
1647
22621
142061
10951
4415
9357
77985
76487
470044
9264
17663
571891
14444
14807
10122
270774
899112
589594
241843
48988
104
77883
57737
28327
2291
295964
9449
47931
10534
2044
910371
191714
335796
3635
111083
239523
8975
13310
791
10033
21506
13830
11003
508763
89492
420814
9882
11078
2259
606234
14211
632357
10761
8388
15767
10878
11355
65759
29812
9829
370964
11908
554972
71469
8012
7984
68924
86130
22843
437033
557968
508664
91342
438798
626872
418533
59108
1492
382517
290864
668482
39101
12184
669671
241239
17182
9589
472674
112205
611914
12505
430447
4538
1792
3594
466081
144
2395
85446
15403
9945
500919
14819
653851
296065
30814
460793
180863
250734
45752
9955
2749
41472
106758
583406
361746
451955
10676
419478
482150
810171
432602
419835
2292
823610
24789
21521
157386
774741
83
62838
9357
5683
10837
83899
15357
10285
1727
818110
16198
48773
10040
26612
255718
659959
71668
574089
751741
632632
913
429300
590
13121
876797
548066
9569
1931
8092
371645
6488
22949
15080
9064
2292
827887
4538
10303
27573
11344
653349
4380
902
1792
10033
1977
14444
532671
21724
542224
374461
9415
295011
35552
588108
9969
13682
38745
4477
11260
10619
335777
9405
45649
482150
46503
21316
9429
333352
736732
1947
227348
26612
10003
2056
9726
63492
740925
10073
429415
581526
91342
535292
51533
569982
809140
25074
9731
9059
615466
9682
75629
14435
43959
10155
407440
9624
58431
10890
6877
592867
80035
87826
9463
10589
504603
10718
6552
68924
10833
246741
637693
93856
736146
500475
16804
1534
10053
270774
1030613
293768
10658
400157
586461
22586
59962
474764
14517
11299
411003
21521
50337
1251
600583
16157
13310
9829
496328
13836
4241
2026
152792
28597
11051
9288
8293
8491
595743
22947
168098
25961
581526
4413
549514
609972
168903
390062
8975
177945
11003
12227
323675
22907
11025
12122
82424
22897
24803
582596
437033
10521
457837
535581
321741
390051
11352
508763
773867
24264
8850
10249
14560
983507
8740
29427
152760
11817
341006
67308
960258
26338
211755
13944
11967
152742
693113
450001
450001
922
12763
2255
668461
113
276844
12516
541611
43539
78383
591538
846433
11010
15139
7450
13199
805327
13681
11560
585831
2617
354556
14052
2609
4464
799546
485942
465136
76489
113947
605153
396461
34653
26736
463257
440597
13155
421473
33875
59468
2323
670266
374052
11587
11835
7007
606402
11336
221732
9872
13466
2757
331583
10072
8665
401513
10647
54445
38051
23048
11953
354287
11849
8438
10423
308504
256917
892153
9615
457799
14365
513691
554805
25050
582570
244267
512196
266396
405815
508138
2018
10141
27088
11090
371638
5125
496331
257785
71689
10610
7553
10185
775996
559581
520663
24418
10677
2099
606117
10756
2313
50348
9991
13673
413644
212716
9801
123025
517096
4960
14177
16523
594718
15567
1389
217993
10651
1648
587496
9957
10074
431530
526051
459992
9920
6217
860159
862551
10016
2294
14202
1429
13151
335778
38322
8738
87825
12094
336882
399019
9701
11086
187596
234200
16281
333385
16296
2185
452910
2149
19494
9566
10147
10616
18925
10699
1020969
11415
12590
591275
10587
19316
89501
15035
212162
370567
11884
27297
17811
707886
20544
9448
10461
60293
554241
12146
27579
619278
38223
323661
9703
11425
413658
14813
5516
68179
16690
13685
257932
9912
9871
315465
5137
30020
477428
14208
11820
18126
21481
16562
9541
10437
66
245
10206
1968
9663
2669
230179
86000
339397
11418
59421
45610
13986
32790
14728
17436
11252
37034
691683
20083
437109
417870
9722
10468
172803
10035
10067
40814
21610
618353
73937
9564
8988
9609
227783
10152
1649
12723
601643
8836
10868
339967
316154
16258
12448
347031
2196
602147
1826
154
528998
2246
1523
30944
25769
12154
300673
25018
12113
628917
10150
257475
3989
114478
19384
11895
61202
132363
9683
522444
13596
22073
10762
402897
615904
437557
249164
134366
449563
347866
14462
524369
77951
12775
454294
45657
718400
11520
672647
113594
13225
351964
140
527729
86703
298382
465086
11524
17711
11637
9299
282631
20312
11638
10367
11015
27274
1441
10316
9963
2789
803114
524247
1807
23202
72213
11128
113082
421
571265
12090
33997
9877
568467
17130
623135
449503
454992
15058
556984
449924
547565
716814
423612
354251
67396
4823
9591
9611
10510
41244
11890
741074
15653
38356
3902
9431
604605
58767
14254
238751
9535
2652
353326
787723
468
16962
5680
521034
8831
9666
62569
10426
4283
2114
351809
517909
79433
3036
4518
579047
218778
586
484468
244458
663870
11601
615165
10876
10012
843241
110416
22160
830784
91417
711
54318
16136
11081
597316
2176
866
10886
5820
12476
11178
567797
58224
9980
262
536743
512895
21450
10210
208763
11031
662708
26594
586863
10388
446791
427900
676710
533642
47854
9536
15003
34647
14047
47533
9549
1003813
44564
11066
8987
504562
12103
1802
611014
287903
10351
656690
5460
13205
494407
281
19904
60243
19053
403
22171
5241
11702
361539
597922
71677
200
10395
72197
14506
765172
404
15189
632856
763152
11427
445629
264656
596161
10760
2977
97430
10606
306947
334298
36834
43933
607259
44092
9873
2731
763148
293970
82696
9298
29917
758866
1713
592834
706503
11395
3509
38057
2755
1969
255343
10684
9715
400710
155084
24253
884452
606403
778855
59457
304357
43209
34803
9623
3603
11888
599521
12560
9622
45050
11812
157354
195757
9346
1902
105001
522417
290751
360055
586047
332411
297556
5551
2925
318917
11133
461053
7304
13499
654028
911129
451997
13025
174675
556509
41505
28118
9443
9605
9434
421658
397
604360
438747
2453
18947
17610
11185
134597
285783
11419
2001
11966
9538
11359
313106
13154
522241
14424
651070
65055
222899
13374
398181
3513
19344
10596
2086
46441
2800
818750
9393
70074
9044
426563
31606
11853
517991
77953
293646
530382
800815
6951
531306
671583
308024
527435
118957
203835
13689
12253
1921
236399
20410
1722
29161
32924
10808
13279
675327
292280
472338
346709
42949
14008
523777
500840
413362
578189
12914
517093
14832
9406
23047
15602
443700
16633
467909
10690
451644
10393
11654
5968
458253
400
470114
9447
149509
11448
730028
533991
1630
228194
819876
3537
530723
34806
336560
242643
631132
4515
627463
219572
408620
12193
14621
2061
614409
416249
666750
177
14863
58857
127521
359344
893712
9400
366924
425001
916605
9647
9266
36819
2788
25189
24249
730840
12107
2054
10163
422803
366672
212470
11257
591278
9050
407375
1689
454286
10680
13008
16314
682110
10535
9070
472451
30675
14289
877957
4816
410113
330070
10657
581389
11143
13972
150213
435107
809107
26127
9905
916719
11547
252178
412988
262391
10540
206563
17386
21954
415010
585077
144336
87496
2841
9918
991814
214030
24070
13184
57431
73567
15907
433502
10644
30596
379291
10354
14553
21683
76494
9826
1116
11158
808023
527660
39013
9469
449574
10435
74513
9815
369192
332979
551271
9932
458737
471507
14742
319888
8852
13595
152603
11543
1683
51170
2155
11870
2275
399173
401
481879
28941
13767
11258
203834
323677
98357
99
470333
106021
27902
325789
13818
84427
16288
613377
30074
11894
486898
869626
585244
41210
531499
226
17681
225565
336000
33909
897338
13938
4912
9687
9821
50022
472815
749395
16187
5955
537190
691179
15067
404378
8090
381418
4474
357786
14337
594530
472454
502425
12531
15267
532710
10818
9746
22821
629017
16407
354857
12556
12609
146301
11893
308529
26688
11548
310593
760747
733317
547090
501907
817451
10829
18736
10726
9588
615469
1623
375107
9573
505058
129533
11096
324542
70578
18032
614911
678287
11699
12721
10476
25988
1280
10070
666243
38303
1043565
1975
411976
38702
3064
10079
609242
230222
16235
80518
536115
9787
175774
848
35052
32823
27337
67660
379
252171
11127
10650
366170
7270
27585
24405
513434
12117
17496
575322
8398
340945
12435
565310
9669
7874
13997
425336
12508
463319
13012
1058
340677
291549
243
13474
104859
12088
10253
147773
9073
758724
520172
9556
12596
34065
60599
300168
10007
242310
9494
361745
121734
76349
8289
9102
399796
10635
24832
726684
61591
575
34482
444090
10344
17466
615658
42566
17707
12085
10161
1283
14510
10406
606679
243938
409502
268920
14223
12924
19086
1653
15860
703745
661231
12095
11368
137321
302828
339530
500922
430231
316042
158750
437
13166
82533
484510
951
393624
380565
10139
169813
14139
14746
454615
579741
467824
364116
298584
491472
9667
460229
70057
10493
508570
18801
179144
10643
169934
158445
13378
30061
22244
10479
18502
18905
9676
615665
354110
172
19458
49526
11892
10158
811592
15774
18767
616803
12783
10576
8833
103269
809314
78133
8870
13550
327833
9899
41428
338676
9446
16441
399106
43920
87093
575088
19724
398175
11381
27064
821881
1045944
14372
13572
1252
556803
641483
7295
9491
529106
438674
20287
4723
308369
17101
848685
36897
22620
186992
123105
302150
395993
19580
13496
796849
248574
572751
9785
8555
10223
1850
9013
604578
23706
10173
31642
9507
24124
5961
11775
218381
9664
78698
145
9816
14370
16394
551332
441909
31512
523773
302
10823
9304
26899
483983
50393
43549
9490
548473
19084
2539
746419
408648
290825
10372
77866
722913
658412
3132
948276
629028
276935
807196
16250
520946
417678
777245
20737
64689
26171
11229
15764
208134
20455
23742
14373
447665
797787
523849
78049
11592
2293
10923
445954
480042
531
11859
6723
18763
453755
5375
8010
13249
38047
110552
49370
13018
336845
319373
888479
842033
14878
13122
413594
423646
10452
11980
13408
467660
56552
814340
9067
8391
765245
445456
378
16808
12651
10498
408220
571627
241254
1041513
10859
8272
35690
649409
12157
68812
8997
592279
15379
14219
9396
15765
20263
14576
71805
49020
16553
2321
1420
8653
407887
236751
910596
11950
235260
16538
664850
403310
686245
10317
8512
179
424121
393519
455546
9517
55292
8649
11208
597219
29979
470472
492611
426618
127517
293879
848123
918
288036
575828
10313
17501
3489
9819
202575
575828
10313
17501
3489
9819
202575
571625
94901
9981
28148
1024
420622
433249
44037
12700
10199
8880
18129
204342
617762
509730
23452
340104
21627
347126
11037
160704
98548
337676
10438
433501
99770
12900
17577
9333
381341
10375
115223
80591
10207
10758
415214
241868
983105
524348
157851
65291
65374
9813
523638
1662
452015
505914
10172
57825
303858
916405
560044
8285
12720
253450
152747
16061
9048
10612
20043
36865
44554
11439
2959
347984
37498
11342
15487
10768
41245
11866
15077
828613
357407
10552
1599
4520
68590
15596
431808
576920
5693
556901
45438
417812
455043
226140
4481
571648
446696
363992
6963
321528
121823
476
4953
9416
16990
44603
83770
71864
13243
10546
408647
11050
72113
11068
10720
13098
403300
730823
24461
42287
487680
1967
13960
1999
603204
12276
8266
157849
436274
29564
10805
8860
526050
9711
20235
17612
426793
12524
1552
65034
4958
6593
227257
631997
372751
14620
277547
81344
294793
327418
97006
633374
294992
209247
30943
477776
16345
122800
409421
50572
635389
663566
567690
353595
18817
12278
11959
6538
14522
70586
702525
30069
156700
16619
342588
88005
32669
569016
14292
41380
39228
282813
51200
20771
340027
650498
96936
12715
30963
256106
9697
9988
614939
520360
286565
12537
633802
20617
873126
9442
38358
106380
36218
858054
521007
26263
840882
2383
467
9586
146239
501841
184608
11313
39465
259943
49022
641662
47626
20506
9674
11162
9710
487670
485811
86597
768127
301351
400090
354861
42113
39230
9445
647808
3784
13691
10778
10115
58412
20726
615666
15069
190955
413198
20857
287
70436
21345
24993
9694
157841
11170
433627
26963
45242
35588
52744
1075
11384
302688
269494
113833
454293
11091
157825
33518
10990
429733
28772
10703
484437
434773
72972
6933
498934
736074
257648
15575
42739
637534
509874
9080
746333
18392
15997
56715
526426
45650
24696
820912
9625
18937
1394
13260
625
21078
9779
529983
127329
12613
64246
33410
44221
630566
8873
10627
575428
31646
127493
579583
39466
236
928123
9893
19833
13949
9973
619592
518158
13411
795811
504997
1816
11934
34777
1808
28366
10723
17047
586791
202220
10366
9417
326215
345009
13981
9895
503917
9271
253235
21575
476968
430040
32909
293413
81003
20156
11365
46033
364733
45614
10694
474051
6639
24684
997120
172391
10533
503619
7501
9748
41972
8780
146015
837881
407451
14451
16409
9662
520900
283350
12498
4599
85889
18415
11962
103686
8766
20701
408360
41180
466876
2900
234004
9809
511322
14539
271674
481203
48289
537055
13640
13701
55465
15577
843633
77221
1262
10258
10748
359412
507773
505706
9546
890322
1985
2210
505225
401847
1013860
96826
20421
456611
25472
406429
362584
465003
41821
11936
11648
514710
10592
81250
33908
617768
345915
633515
7839
11971
570735
119193
14808
501395
115348
71325
16082
53172
13851
48572
11076
18355
654754
429107
10944
651571
14787
9407
358651
16234
401561
11157
479040
191121
10013
11120
448491
23685
121824
46387
1667
509598
8875
732203
8011
31027
453201
2007
9616
10984
459928
25196
13812
13168
134623
16418
62977
2267
13668
479259
24929
20525
11983
20694
44629
1088
409582
38143
597094
11616
571785
250538
442065
452773
35705
14449
836009
85414
20605
14055
324807
642538
24546
152737
503314
394741
18615
18704
471968
14655
9786
1989
429471
7211
654739
256731
449756
345323
7091
9838
382399
20649
5488
84332
480001
11499
467632
1037858
22327
14073
961651
17494
9962
441393
75622
11375
860623
222216
425972
295151
650783
825
17038
25678
8696
51943
21629
11902
513347
11857
425505
10333
260234
24438
46146
11973
10383
14144
354859
9540
8197
14291
601493
9456
18009
480857
428836
50725
5393
77663
1613
245916
17332
25405
465914
283601
10905
28313
426613
11595
530081
637202
13702
487850
9422
21634
19286
732459
447743
12597
49822
30178
215379
9592
81440
25474
13312
409617
231001
85836
1644
260063
489243
575417
1439
10380
27233
20521
14544
592656
9716
88273
23830
39468
737568
64685
59968
408355
11531
584
14317
10212
3101
870
15939
426249
1054513
123109
617505
724475
14844
519010
850
11026
721625
19345
504827
13189
9849
157544
19596
241842
10425
401371
301875
20329
199753
520901
9827
4965
826749
9568
10988
497814
11515
11386
50671
308084
15400
323368
650031
300693
50135
621151
333348
520016
13054
51300
449459
182560
26390
33409
420707
15983
601470
833097
18585
17478
24226
121828
11821
37748
19124
441531
21448
195590
345934
290637
23128
597856
19595
765869
62204
848058
11285
13922
9458
12138
418078
6071
144616
298115
338964
347187
458131
157
6575
435577
18320
821153
332340
16608
284303
14903
11082
792678
12245
493551
12689
17169
15648
571446
18843
760204
1913
300
6524
88889
9290
244517
607844
381693
16992
11692
16022
13476
893228
505948
209403
11064
339526
372782
323262
13193
766475
345914
17894
15028
283698
554230
20676
549
11347
4543
566076
33333
27569
8270
33613
122857
345922
16931
66125
9311
635744
17006
13203
586048
10276
913205
579831
416234
48466
990691
77875
13807
9644
563103
8052
300803
339994
583903
33539
105965
65218
50433
525428
19457
82390
492719
14577
13537
734265
7249
162215
10389
2117
502292
531380
190847
37903
201749
13761
342737
382598
394759
40099
588921
838484
1988
74306
401905
407439
12594
9440
157845
25741
628534
475094
22826
72443
10077
355338
270771
9978
11022
39874
19004
10197
663866
73499
9356
1997
9261
46528
839100
4435
78450
67307
471498
84199
294
877183
3177
480434
12618
337703
11188
75736
375315
84306
37495
339380
12636
377897
11633
9085
1257
67913
575479
55347
12569
74387
318121
6472
728142
24795
6973
288158
678458
13291
10685
14097
852448
119675
25318
13092
16873
2284
192145
17961
2639
9656
314606
407445
84858
25300
11088
438145
11137
11197
23223
11467
281780
239573
14061
14460
463116
10891
9613
8094
273059
29702
6309
272820
253980
323027
15212
9403
760099
270010
671043
527776
20481
315664
7859
32982
430424
22314
373314
82687
478826
14013
66163
196254
50647
26953
615667
9501
814757
353569
23410
90148
44571
51999
10149
10874
788752
394830
20539
426285
91186
33644
24411
11804
8265
4722
11816
7012
458109
65851
426814
12165
19325
605375
475888
9828
557950
199928
968739
39346
11630
28553
245700
12994
385448
13975
718633
312831
13751
785663
30666
9099
354072
289727
211067
460399
266058
1406
13250
11164
44963
28510
764835
378485
64305
50571
263105
26955
825808
11457
401104
513302
58430
28601
398289
284289
848791
9455
545237
507441
38093
18282
283552
528888
10646
599281
701175
448776
500921
146223
12837
325173
61891
64252
19042
63493
16646
33473
12280
2621
16763
594634
846214
301846
347026
37865
608195
599960
1450
259954
14245
474538
39681
70577
360603
10705
75735
9451
424998
476764
602654
184098
565348
260535
19267
8999
817648
517302
11542
24230
10729
77948
9989
25059
2266
102207
13491
10032
514619
10862
743439
20527
4587
530
469274
12658
16392
9061
541572
11591
1018494
49852
21338
267793
212161
523536
513576
374671
13763
5889
293771
10642
16325
611207
12235
9283
2071
8617
613868
14945
72477
26320
626393
41392
3602
744114
16138
13099
4441
13459
5143
558582
10179
248087
1901
36108
760336
726916
34309
2355
19265
254201
25704
15213
12528
1803
4193
369883
5353
888816
567598
10712
292040
329981
31031
3472
243940
31947
760868
442056
785752
14029
166076
603206
13171
314385
77234
55787
253344
38407
25053
8998
19287
118624
34376
534094
69798
24940
33427
13667
515841
286554
343977
2295
506281
477033
408381
2752
25155
354279
10023
740952
266285
12622
3179
18172
19204
77495
79443
961420
659384
477777
665251
475132
663260
615774
13440
632931
644092
454033
13416
20616
16723
18402
11364
60420
16308
214597
28264
23903
390061
451945
5471
425148
57718
77459
11067
587808
50618
36599
12902
11896
11982
335578
252822
16991
287084
278774
123377
13150
914216
12699
60670
570269
10109
245168
14637
739413
10326
36968
587996
15045
375785
80038
10188
6948
161143
26264
399248
192911
65796
5421
15762
15088
1015724
7300
575774
457249
8428
211954
69668
222230
744594
24100
9927
686142
405314
9950
9450
11858
39767
11172
928381
11348
768147
351901
55420
628964
11159
10362
62837
12519
21355
523593
44244
79382
21512
472734
641960
56590
20721
10872
927855
728882
15592
10553
475946
440626
879538
97365
164372
14347
523366
29963
574303
18417
466622
39345
429476
11532
11532
889227
268092
69735
119738
690369
624963
16985
259300
76812
34379
457840
109513
11398
228973
65760
463906
870219
411728
52208
16222
353066
36679
9413
10390
414001
1619
842934
316776
752886
736820
12650
101173
6058
2290
27526
295315
10727
9791
340270
132137
11004
11374
500904
430474
54540
21301
11317
735595
53656
35038
524738
32237
432787
10186
744733
310569
253310
823609
40713
2122
199420
7341
726739
310133
862855
60695
39469
753601
26337
766931
11562
333354
196024
50677
9686
10409
778810
13159
10092
578209
42012
1819
17774
267192
363
838330
76544
524216
12143
463843
12521
39787
184125
11609
244772
44129
538225
265189
11330
875279
77987
37753
366668
18167
602211
15582
135309
9841
13376
846956
27381
363111
20497
492621
12526
1716
427143
14326
13554
13995
487083
21028
13635
160139
2469
282984
24102
284689
31007
11503
12251
10167
213927
982620
10710
17880
242090
527400
340676
741228
624808
157843
11141
2436
12412
289269
24662
13937
595813
28308
12663
11217
384737
531299
39229
21755
13354
76122
35796
9024
1023
469721
21874
16406
10360
785976
9729
402298
12912
54054
497768
13355
239530
25562
893086
14398
25523
111839
19621
73358
13492
459616
24556
73935
43641
614488
615952
297806
590593
425980
413518
393562
560192
14629
364433
724665
20641
93828
9033
16186
32049
16300
291356
887357
10706
165904
256924
861035
85373
10187
577242
13536
291351
14011
1034337
14475
174321
58625
31142
269437
10480
448194
26715
11718
489929
290727
31203
600479
6935
13493
227735
309425
352186
583268
836919
517088
31967
13197
520720
24271
51497
335788
325346
292795
31608
19664
9770
808090
12312
601165
14198
24924
526973
2084
18079
39899
27465
489245
334517
38557
15927
209189
11510
184341
75900
2830
10162
7454
772445
24341
62046
371738
401545
574638
574082
563799
39854
26189
11244
7737
587562
450322
612706
17455
925786
42190
10050
477887
301608
6917
913991
587092
722778
19026
507
758902
392536
438970
49981
11307
31962
399121
38718
330764
506680
41592
280795
1775
395797
14197
533715
79316
9924
785539
1717
11099
13929
482273
175291
754452
